3.90459e-08
4.10227e-08
4.6365e-08
5.00894e-08
5.39134e-08
5.38458e-08
5.23469e-08
4.02068e-08
4.30395e-08
4.4846e-08
4.46088e-08
4.31029e-08
3.58517e-08
2.84331e-08
2.48906e-08
2.04537e-08
9.62515e-09
-2.01493e-09
-1.47164e-08
-2.81103e-08
-4.02058e-08
-5.01739e-08
-6.96402e-08
-8.06832e-08
-8.52101e-08
-8.51129e-08
-8.58557e-08
-8.32691e-08
-7.72945e-08
-7.29859e-08
-6.08445e-08
-5.22437e-08
-4.49739e-08
-3.95903e-08
-2.92101e-08
-1.87644e-08
-1.15987e-08
-4.12672e-09
-5.6998e-09
-9.24544e-09
-1.3868e-08
-1.78197e-08
-2.69297e-08
-3.13151e-08
-3.3985e-08
-3.73651e-08
-3.16433e-08
-2.7256e-08
-1.51013e-08
-6.03112e-09
6.11854e-09
9.45173e-09
1.27771e-08
1.68405e-08
1.57358e-08
1.75676e-08
1.18184e-08
1.12154e-08
7.83198e-09
-6.50314e-10
3.28184e-08
9.06715e-09
-6.46017e-09
-1.74926e-08
-2.45917e-08
-2.62595e-08
-2.47925e-08
-2.44556e-08
-1.72417e-08
-6.15101e-09
1.74879e-09
6.97109e-09
2.73007e-08
3.6241e-08
4.26261e-08
4.29208e-08
4.54958e-08
4.60387e-08
4.68795e-08
4.86183e-08
3.84068e-08
3.42351e-08
3.33981e-08
3.89586e-08
2.78154e-08
1.70588e-08
1.2575e-08
7.34562e-09
4.42684e-09
-2.97074e-09
-1.62587e-08
-2.87009e-08
-3.21078e-08
-3.34678e-08
-3.94887e-08
-4.44553e-08
-4.52179e-08
-4.621e-08
-4.28784e-08
-4.55072e-08
-4.26108e-08
-4.4538e-08
-4.20943e-08
-4.45736e-08
-4.89368e-08
-5.02773e-08
-5.67763e-08
-6.0466e-08
-6.61248e-08
-6.432e-08
-6.24699e-08
-5.36915e-08
-3.72228e-08
-2.26388e-08
-3.2492e-09
1.75594e-08
3.51483e-08
4.83085e-08
6.46187e-08
6.78703e-08
5.65629e-08