4.057730000000000061e-04
5.390962580645161303e-04
7.661622258064513646e-04
9.834266451612901951e-04
1.158292483870967818e-03
1.568856774193548012e-03
1.908566774193548457e-03
2.265413870967741914e-03
2.604724516129031543e-03
3.011334516129032367e-03
3.311607741935483802e-03
3.771279032258063619e-03
4.097816129032259488e-03
4.477383225806452240e-03
5.373072903225807086e-03
5.998512580645160540e-03
6.623278064516129222e-03
6.692432903225805675e-03
7.307488387096774778e-03
7.199927096774192022e-03
8.465895483870966923e-03
9.783337096774194150e-03
1.048588354838709755e-02
1.104970903225806558e-02
1.179991612903225767e-02
1.128485129032258220e-02
1.256511612903225654e-02
1.352586451612903216e-02
1.450250322580644811e-02
1.517592580645161192e-02
1.583309354838709909e-02
1.763631612903226314e-02
1.814590322580644788e-02
1.821251612903225861e-02
1.955445483870968046e-02
2.074210322580645124e-02
