1.507912496280213463e-03 2.511144240415501185e-04 2.295552302526110452e-05 2.020474531289515873e-06 2.490020517679938627e-07
2.045456746462188686e-03 3.173829806024270630e-04 2.830064389111077222e-05 2.644494180581923818e-06 3.132665312621138836e-07
2.481306251767427182e-03 3.971675931213613522e-04 3.501731719711242811e-05 3.467139717170714185e-06 3.953923576783472581e-07
2.925083222432434647e-03 4.717776857122788891e-04 4.258032095629524157e-05 4.064498211793217743e-06 4.651250805070407812e-07
3.484153825849574306e-03 5.309204685340845149e-04 4.874791153196727692e-05 4.732174000090188581e-06 5.505831879817255500e-07
3.758214063470187612e-03 6.005883849071252598e-04 5.341488619320865997e-05 5.374748938404625774e-06 6.054281259191180089e-07
4.306219417721646354e-03 6.688513814086359402e-04 5.899949015334837873e-05 6.002106087155525675e-06 6.515307532231021156e-07
4.552716503226479638e-03 7.386688814433645285e-04 6.563860488536790640e-05 6.726801725332499316e-06 7.552538164791555950e-07
4.947824965253090103e-03 7.891339750768519654e-04 7.394999975878870145e-05 7.453438313955757287e-06 8.075715430994421015e-07
5.299754343987653736e-03 8.654984101320199524e-04 7.919609870565574199e-05 8.193534755127131558e-06 8.909449791246051291e-07
5.586976285607917099e-03 9.514466755143425941e-04 8.415660387462373917e-05 8.640261648993641534e-06 9.469793768721636072e-07
6.029399701733699317e-03 9.399264622229073010e-04 9.397101709391314343e-05 9.547660565619820670e-06 9.828132670128019400e-07
6.337006064550587160e-03 1.036618430921351121e-03 1.006981101295662911e-04 9.948633310270518445e-06 1.073806221811981461e-06
6.671686024227278626e-03 1.097911073615245653e-03 1.026207374270896239e-04 1.087340258079508652e-05 1.133897936148250234e-06
7.027619263608431664e-03 1.146711774044666381e-03 1.103133193119546569e-04 1.130544563809675992e-05 1.227491839013724517e-06
7.159792595311443263e-03 1.219642543609111016e-03 1.156591658984019885e-04 1.221700572150455379e-05 1.296037890085569571e-06
7.583175188145277294e-03 1.298361191427813968e-03 1.204037899959259003e-04 1.272842205235012946e-05 1.323417518818382188e-06
7.797947565659863085e-03 1.341983103412718210e-03 1.273235273688932251e-04 1.348126464791289841e-05 1.393003622878052832e-06
8.103458610075237739e-03 1.395206411731672157e-03 1.328673450646335240e-04 1.444905971809976699e-05 1.453005873329261318e-06
8.295064563935035384e-03 1.458105345693263633e-03 1.379572738055279135e-04 1.494837392969318516e-05 1.514894142849883449e-06
8.829105408501252208e-03 1.491864204144114237e-03 1.471456815442131842e-04 1.526192122327528397e-05 1.583137172836289485e-06
8.895865619707454819e-03 1.603084300854103628e-03 1.507077285384340133e-04 1.573229345530617509e-05 1.629497223572567814e-06
9.026484490131622337e-03 1.605908942683705910e-03 1.570908875290953578e-04 1.672891641971993183e-05 1.645191507046122364e-06
9.264339663048881332e-03 1.694089743060723380e-03 1.668528668900538488e-04 1.754049034852559258e-05 1.751931427073448642e-06
